3252436811955105402
7841831759058534850
4890446857977706944
3596183199774927585
8159112596400790645
850430115722909236
4157599528431384071
5095235171577077972
5284779239484699036
1594148740997097290
7066126033870076967
4333347755750440175
8871601733969716201
3149028796610912382
615428770192248360
8091691750475933111
7601197504530240860
4418928118135341797
1555327503964883388
7115239494136054595
4544528397198211857
3085402888628337443
5166605122062859250
2069450490254177047
3483566623927912008
8507795256818071841
3611582836343563656
866403944495238528
2905782366348895642
4784490726772949431
6433028805302474478
3303090599814857050
5481502665623858835
2311038335720267960
2449571048713655257
1189615592646624809
603738708608557665
6430183924198264429
201789685465484757
8176422546349141961
5434894517584193188
1176481198790423475
8646877386775308444
451553535469790026
8673745462456121392
7427114176455181659
2966368100008124655
899270492938291971
8658632171528872595
3329415652208907467
3188071946166669131
5228109381624823831
6080454051297586644
7090993276058190280
721869928498433922
8573834972447594929
6359370905726687337
1774912088884036822
1682125663878019585
8084150375920541181
3633115084382197974
159704006572458592
4666409582131564448
3429092250979732622
4357711620752092250
7790643111961598299
131832920404682402
9006915287864660565
5295076726006672796
2683817537572149332
861667147003032795
905300901498988024
616177077373230371
6038376945331692751
3442275490588714595
1335153409415747345
6658355722471103582
4405173138353027997
7609209191961913669
2321348078751987111
2608861244423967698
6826252961432855357
1159773664992767828
7444343029754656764
4406633497215983699
7047852566029678519
4566580095697201974
7919575437492262296
160967992839283021
263520945709928314
8226017114352808837
6428119221861525852
4036780646326792617
4331371652164060291
5053159437366384399
8803623093327458274
2425819782892366956
6914161742742733736
2568675220476255464
4801164536387151754
8251425989215122149
3149792746690378404
4275278549122343207
8853915395483868731
8226435456277349139
7380597043882238543
7879769569782473676
3645904369587650469
1049184041547949122
8289841301317597109
1428610457640300777
2618408951365677488
6599159800541174957
1760249880791061046
7680444472461449979
5509049027838858528
58109197131230002
8447939701120209417
1119521932019522028
7121004865252738376
3458352821133009523
6497710497619217228
8608103261774800940
4497339740414295800
4250293754108055011
1172077248620872117
2711824383281265879
2559084171770604350
2016333410413791715
2336030197179901764
4405915868471316980
1047619238944733750
4049202632704057807
8110618275861848517
2109268845720314630
1876050853487436651
3640330865562840436
4535316472605581724
8789855123578133581
5610056620688784103
8007602582322354315
5699606430070635350
2818781134959259080
4662737430703850201
6496205018462040680
3754653011289004905
4270304633267864813
1331344737563001614
7591626982994639599
1705863214005548520
2455940962560569637
1746082342065469833
4988626047263787426
3032948706754651313
276833214555359743
7154084252180329834
4369135302793425163
5219415276500646860
5346226010791581426
6589387218090626210
4960715562445309128
2606837990411625412
906720203089400333
5636996479688233024
8334611287180983373
9204849190189840824
6707321097650411960
2465847145230314257
33178870807903422
4293285597330232068
5971238456214067772
1250955251714391545
1096478302469559736
7918139534869705071
5038222792258159333
6162296223455272168
6989848850456896210
3505055056531752858
3194134856583236325
6440864267825159041
5327359846765322772
1087717307158423856
8544774727371517142
7839826325036503507
1377951995098873813
2726715150451451350
450648262970497439
5886148280228306408
8877038119973644295
6476208781119392462
7225605106237510558
609121321922539696
8088548726479261180
8315667355367981570
3116101230311453806
4739505697383541291
3402138598294425311
5593488136202278589
6199535479012241037
6525050823804728899
4724819940104471770
5542941006983746498
6011768228388424830
7360263897943431833
8680787887319386956
6254671809973538559
6613549593975080652
8823304325517736760
3391496898675283398
1597686978945864144
6017082565270308070
6111285709065804273
1501964207117248369
9008552375433532101
2770252048787169449
6211055840911841787
2606094193616721563
4622200420824149627
8692754752310481893
4039433913449300604
7824005114701557951
6473550579291316518
5107125991506115885
3734939403172053517
481286500497695190
8795898077078569639
3051873617791845919
3978525205489372207
3054119952010406007
2783817590423720264
1959700451003658296
6129688720023459989
8788075900952841736
3244992246438816373
3360382412718464610
2090191583207889268
8603104644672091003
8390543512065899325
2475112408795006314
5941644263747558183
3091370275968948867
5967060060802996752
6501495222648596346
5109957822415286865
2030804489518706776
2225040311407254035
4026501642696734604
7159569082834142534
803468131485575205
8588754130722736420
4862750217399705795
5236467824751410380
2927721273275193201
5992841537673060078
3468949894353917014
5216934181044044633
463586564468295453
2734235217969876006
7360378059847247796
2066043932621579217
4814889653182174833
1468663576108198937
4950282201425079726
235998667569009714
7164729181251709865
1012885704933580385
3506615405235583108
5512774748224915141
6130811350904597805
1777761581019294895
8583502538515398239
3996548067250272385
8066530416624865559
3272191376866840566
2875088934191763524
7971028175466023873
4394068192018625747
8235952230614279604
4497965457218301727
5042156725143629822
4818560848093805095
2802734127170894739
8238815190926814303
5881550972454014139
3206261678499178396
1642835306238453168
1123612223946345886
5150923931563091413
6713118498575794277
8553972313075853121
6963230247696882359
5031542368669595538
6290956866701011055
6169234861410937682
1931986856292968609
6982681289261129415
5648946258848903010
3846850574741565765
3307405197990149507
7290963190559856209
511852452305452158
596618696149060161
8248934553441325611
3027792809083693045
932226726598317795
264457902249184845
2066691593735074782
8239139588429176878
3691724019293888641
1896308381848218960
6238208429683815595
8046327312870883481
6838658040062720335
5899318063311176046
4323004252828114564
2452925508070830673
8824501358028909947
6483679940419084460
1285432395748989782
1946351790024257850
3560848436268364454
155262715343359682
1424338030689684957
5624951202213654429
7588915662507400138
8214173274766166239
4963401776781269940
3565324094644459876
8958710972805747054
4374372395395160754
3562626248551608712
2413774901839105468
9064130141406573723
5795003238199249639
5262137716656237801
9162865415181548136
8461246151246682971
5663472306020809819
4407756986570260456
4271170125130436910
8081339482461780540
7599402297570910610
3591540400750599259
7937858939561183626
7684763479339898869
5110757358321169788
1160578799379680021
4646262765524290439
9105908027595051066
3971803540886739578
4620969026815069843
1998152520318241319
643500383322064461
3566987131127899185
8014346167174774504
5471565405102890687
3176241889709840281
2971489705894803558
7678360330484156884
2728452115265820434
3831392019606798868
6685173927031831552
8521668590993333235
353119976313429928
1612112009027474432
984836927076779993
2757638337116036810
9177187391965950985
3361345922307354092
8402082854092765893
9075176571009473477
7966539281919826874
3952034666797899099
3412018177669474532
5756726706345209632
886169465367855578
7021207137740414799
6600390822891017586
2621276458685758329
1240481184122670897
7691129079721466917
2683413802703220990
5734044030475943952
4474925536749064928
782386152309292874
8790835794051575762
1192503659645720176
7459864804362663343
2114193178548239212
7977266029818252401
8466164538214757845
806015638681195535
2631347069267967688
150366456990683230
3933438492598238883
1733085484015109239
7186924387445394683
6337715224671014407
62913642196784942
2386163862296287422
8899674081520326036
5783722270385745310
1919604007017671807
4687012257541165916
6280743392294543968
3660554123844512853
8449921439833223993
2380127941095187147
9069560052649004722
8652765472695071891
8787327329768627221
3941526472771434654
7514265738150064349
5371406891992455629
6013075132849316374
203089706292729905
2617845937995537609
5914198876332233639
7609512945742346118
1058201790990132139
8221839193171957823
1900020891723526840
226893596716416244
8149604776457934098
8551618441266741453
4326299350517878974
7977723198802629810
501858817753317172
1625574278677403689
7599260404757312252
1316049865047759341
6514688665518166361
32630708187031026
7258308926871575097
3551449326259830184
2259233391792301473
6630807124561174553
417984386007056045
8900777946931549206
1423980721338811188
2006618056909959770
968030201415049974
6172055727577504192
6880771086743349516
2914034856909326254
2701501709062127677
8895773126985704047
1862546686644524749
6543374489990664960
8869086313844127131
3077642974928999831
8190002162272541429
3656610817393870039
4222757266386558075
33860016653330821
1290098408228640996
1189759418683715662
1412584565891974005
4379563488190783707
1283423770557337088
8743172155934278113
6548824671168440734
7349319335223758839
8202053118413306602
1929238443038905274
1642312052805165927
8755938681959448518
2888683196700095180
2606362060247688797
4979346523315820431
7271537576283419711
1959597117846456018
166545094822537566
7510872050432377201
4132770196551524270
8212682876313877936
251322377324472933
2375605827321539875
9078641900456561159
3417062297112519224
5649226307462056983
3990747346486572548
8302186146182643035
7550945067221785264
1898526024894632100
5697194165752492651
7811611259424048900
7561816067743098494
2835429648554338564
4164856541594474722
7961861093046195088
6772552596057601583
5386136792119340025
700922133032971901
6460817487449342654
5500061975023519880
2256821072451828980
6881279240598368057
3103273741273149803
7642049422555157032
1603609390006999933
4323245183654058083
939220637074042654
580405032835514481
7394523591344702939
6243041656715894660
5504453681813511811
6335402627253130576
4242348785676081469
1857287940819967014
6906291687585367254
6092977362196685052
7603598937435067517
6714180779760306388
9172992153073698441
4850277139340657449
7945405545370125080
1760790596175892948
5146964164985892181
3539183205167380440
7712339495538103964
1003019430287348603
5858942146619911797
4162123889915912178
5988098382705979744
4879237810245853745
8844786857471430193
247390617002745835
3490990412837267280
8521692024388740556
7546706063108889830
4068577607344438807
8071836636897275181
785910286187800143
4897812922186349870
129995504214300607
205502302634903693
7943227011634447867
8760157026359447691
260732539347284600
5416637661162359334
6121838536567732185
994584903469739207
7133722158459442538
4376466735211156593
5802929902954737402
4458673749651389697
1344429899548416578
3264109728316360978
8536408087644366638
6038754768364432046
1043861943707426272
7801947370310369957
5115579436931538886
7048973695206803258
6005076263349369315
4399752567969365972
8770627836654913575
6443047742928539911
7216422380204450510
3925551926207415206
2498071983456177435
291397620221167223
7914382824485195931
1551359600129308187
8416949829659458954
2485293463673079418
1596958152534914757
3088994266631535304
2168201395657190418
6539153676454844719
2784311925797665600
1293004559603917118
3228604101813442288
2671371385424902230
3406187153743669878
4091547632988854778
8635096050242979366
2215896084988146372
8910510247968673836
8568723271628190162
686240858358325667
1207461576155624314
3264087357369157137
5573786551418860832
4593521629885825617
2403278097037981821
425832446672027856
1038021898214337682
289272998543552179
7187314781959133531
6127207012528127030
379957320346346529
3989167079291950228
3436964489922136616
8651660802481787614
8422339959460493932
2663418696555307236
4727040740533513843
2438621242901762574
6391294728148286766
3916142419749129102
6374052302440594089
2885344299816528441
6174346557386330945
466721614755809593
5250063102693054541
1985302086653283958
8491333475906328952
3201733972973346068
8354278407874818444
432255618687010621
6004547215127137103
7894690303898982865
202254000924974514
7053179849228643720
1127961044856995335
8574000574046869205
923005668243606157
2176738395406572315
4485329419702684561
3332837892390916080
8852599245336950970
887121530829944908
7883851395528866699
2649107557922089346
5996747687758807538
8327994473052504531
9115411062517903620
1145066989816526581
1188691322601965225
8446105752931367896
4310281968964547919
8379690910802233327
6490237718794124748
4324840790929514936
2217142882602136372
6874451162718698296
6916020336246513491
4783364000816345808
8359850486700913775
2122847374350462543
3679087967715344285
8522962553328960069
1381599191346007339
4055112906956915518
4813956982433215553
1246731637946856453
9194099954331573771
4822522405975315288
883564800212894504
4750962975635977861
6435610623208546668
6812820867087875319
8775717764738762426
3637070324082595439
1159677757691868658
5608557967176002310
1447883792523618619
6567030002856285517
1278405603306332515
2013813743300851125
3523280804783309789
3800676967865957839
5320186534316311928
321990889440778493
553799926947419406
6457069272753413672
3183227961268586565
2174177923976929697
6399336766722079137
7513724895129175244
8533242395845753337
8589880393992589482
2795144051575727453
4696119141788113240
7215588618269589692
8945065824517729793
779839967255559838
289301526868131182
5068315865015759718
8032420643519452018
9092516643555311778
7364757139510116842
4926353041329181172
5074277601702969688
6611622072833274613
7985485513434318591
85058160930618195
715023315821444927
6690853402047903546
5486058468027822003
7545760971208781223
599252446951787085
4098930796449481334
3927790357532263305
1617315214412133187
6041524468752555498
6687455003335111842
7918706578871283653
7926831319670732370
5069885728595203384
7015448634676481754
5966516585685547815
2056850185012299910
3090636755876598687
7815489625996936597
79385783246677385
3289886564338648623
5818812512576311420
8257501756670284247
8473394348616993758
6907114966159750022
3588642131613519553
3733730866442068908
9117355497016483511
2059733403599405019
782505012393735159
7872538039475715013
8770609498859810779
648511654775552114
4375520756972019045
4749472553250839220
7511109929785711187
1697431262586660693
7205954113769276791
3898215815318352858
4339292411592397673
6989623669159920413
9035772761584881902
8574062138249861354
6936467845640463679
1346059901519744554
859946092831467849
899844890559696844
1741378376187654619
5834500230071377946
2638194968708379990
5676701074211430176
4029291635759257697
4155937508507295666
4422923111755900379
2219838272102400367
4383860671994801455
1469546412041888155
8085536649488769317
3779870133430147435
9139738060945835875
1253043954116521312
4307298970667936497
884207031391101907
5901095633914747974
6453145613609811771
6119679302631473643
5824536191313738569
2188060246035813167
1930320184358169007
3257797787828950341
692293975324369460
968144756068446797
970083675379825242
6748999613558974583
4081337182334479294
6593231538637705709
249719815372717014
3033619351771285529
4957673250536919216
5502101483770350401
3672852887419347195
8117020510645838343
8579895614950425308
446818116318365085
1489659267581508123
8868692785823008092
1559991085150199165
1893073186057896890
8802235097867708390
3309387388708428893
1928520252957564625
7647829281393436640
3678614497725000029
7050162315239704448
5809412739846359964
1420559896830680683
1577677293067302117
6526067410305391333
8069803769868407546
6793701631294807369
2235308456702259307
5962172839866564955
3557099083885722280
5710193462855820264
3580427164412642418
5010515807026314827
4346601929918168598
5552863914710593008
6363419022470132208
2917491048888419024
8529939242912543184
1676483219354342713
153810956333507663
4005511954225262302
854576003072470126
5820911080172445250
4646734822622768234
2716369610321707680
4072215513736323038
3634221730970455713
1858851021351056213
5192385403828943128
2950433161224872584
6552712290227405651
5890908587740132106
8789942172451755500
8170335488102832587
7520495483100914916
6553139423959499717
6590944340905405876
1410507550392243165
2685317407904060506
849614599502090701
721496652604126395
1277716988294234682
5934372755766115159
3102141373246357832
8799348294941741577
6772671489360177363
3311470423045659997
8885317328368435430
1655033094271547710
4775670027351467397
3086265813478326386
3045229627680314095
4189237817304733887
8706637211575758204
4490226091291992113
845582213533526615
8698871090724203318
5140708598261866122
7991844666225716788
5183644747905951443
7385876654292112847
6750992614073931452
4008124578268132412
7619745436884066714
5384577142976697606
1233132744587065095
4376426174351162049
4448506966788510518
2727125164891470575
1513694731476308103
3981248080706676791
4330518574060686389
8956657566809176257
5639818947729814651
7655106426807243250
6609440559372648106
2683940871285452853
2002247532771293728
9118394804863548714
2771543932716231329
2641571312840953540
5679424643083339718
6094661703898688776
2078249094521054285
8888289320865312094
1531849121559268177
5066935693220830746
2289886372683502157
5440054039460671834
915786930262600590
8957176585707447859
1546309917606418336
6913372168891914930
5662230830776628319
6097937714748470169
9048997860829176094
3622313874527217997
7846032875779078256
8690280369573452361
2324150828194555827
1150851500792540064
888365858670530200
3020151803515167296
6625381093396261995
3346388858984774153
731407545321729814
4564078164949722597
3840756833286430052
6989758981318496376
2335686051836363152
5299417312927495065
1231573489052556288
8029757947549755751
3292523755253985235
4137518938743809319
7572453055319264844
3929547858983828756
6455479377565632530
3332940013400556495
3018831373310381258
6341508953895073274
2240195774951542248
2264508705998968540
7324734859395001356
2220345726638156839
1324811311764946094
2798112866299474717
6478439487112655874
6031378948190550175
2456126545467478539
1745781517530474562
2609762376612854056
5419382435013558996
7046592514284284669
2558135522454940986
2928587817333893233
7223440425720928523
5869145626087898006
4883237008425463626
4333364707162416122
8066272346225656488
3941113480018657222
3557051577450735232
977805508919312243
5432326236814327748
1358265517518567526
3506048461979404794
3568417815204266840
54962881051915446
2108940663784832014
3745277757811717109
148163113921964223
3131799719554318265
4567883431524616968
7621939591888289691
1653265940235597485
7952417618329976561
4541885218124804164
703507532423288901
6792016107733021476
601839151602991565
479688694578313474
2319020069346460473
1655876875742594289
1582332732172268351
3082048657493870916
7389696493223816817
358492886453807055
8308031514500013519
5038085343583027379
4171352767908746019
1304157437751800802
7171090092245314145
5318269695093149907
1529673154660737380
8201926811062610400
4022009322769724072
4577052982293745271
7001619084721638154
4556857604232658601
6540154911251224858
4952627393752830446
9217047109905173501
4214719853366067287
8549010476930637115
3658296509044537765
755642111568998165
7812964946169871643
5165984649258949749
3908983133161519340
2910741028278580337
2165014814731481410
1548858915670040842
5234996681815334495
2975111229997035050
8507355933150652054
7243120968883371800
4268774265037167200
5399966419819267342
7716513330027923317
2628890405636145622
350961388647434456
6517827146089206918
7228500309389963064
3208147905205454151
4465112088551111987
3017376634665805667
1513945942896179956
94180649129635681
3503392718504780238
4453417874718745982
5609927560943138095
1923079707147766182
6056770903786879893
2083251140548073348
3911554786724352592
8021165192046019231
7830865672344972971
1352874343935451235
